2113
2115
2117
2119
2121
2123
2125
2127
2129
2131
2177
2179
2181
2183
2185
2187
2189
2191
2193
2195
2241
2243
2245
2247
2249
2251
2253
2255
2257
2259
2305
2307
2309
2311
2313
2315
2317
2319
2321
2323
2369
2371
2373
2375
2377
2379
2381
2383
2385
2387
2433
2435
2437
2439
2441
2443
2445
2447
2449
2451
2497
2499
2501
2503
2505
2507
2509
2511
2513
2515
2561
2563
2565
2567
2569
2571
2573
2575
2577
2579
2625
2627
2629
2631
2633
2635
2637
2639
2641
2643
2689
2691
2693
2695
2697
2699
2701
2703
2705
2707
2753
2755
2757
2759
2761
2763
2765
2767
2769
2771
2817
2819
2821
2823
2825
2827
2829
2831
2833
2835
2881
2883
2885
2887
2889
2891
2893
2895
2897
2899
2945
2947
2949
2951
2953
2955
2957
2959
2961
2963
3009
3011
3013
3015
3017
3019
3021
3023
3025
3027
3073
3075
3077
3079
3081
3083
3085
3087
3089
3091
3137
3139
3141
3143
3145
3147
3149
3151
3153
3155
3201
3203
3205
3207
3209
3211
3213
3215
3217
3219
3265
3267
3269
3271
3273
3275
3277
3279
3281
3283
3329
3331
3333
3335
3337
3339
3341
3343
3345
3347
3393
3395
3397
3399
3401
3403
3405
3407
3409
3411
3457
3459
3461
3463
3465
3467
3469
3471
3473
3475
3521
3523
3525
3527
3529
3531
3533
3535
3537
3539
3585
3587
3589
3591
3593
3595
3597
3599
3601
3603
3649
3651
3653
3655
3657
3659
3661
3663
3665
3667
3713
3715
3717
3719
3721
3723
3725
3727
3729
3731
3777
3779
3781
3783
3785
3787
3789
3791
3793
3795
3841
3843
3845
3847
3849
3851
3853
3855
3857
3859
3905
3907
3909
3911
3913
3915
3917
3919
3921
3923
3969
3971
3973
3975
3977
3979
3981
3983
3985
3987
4033
4035
4037
4039
4041
4043
4045
4047
4049
4051
4097
4099
4101
4103
4105
4107
4109
4111
4113
4115
