2113
2115
2117
2119
2121
2123
2177
2179
2181
2183
2185
2187
2241
2243
2245
2247
2249
2251
2305
2307
2309
2311
2313
2315
2369
2371
2373
2375
2377
2379
2433
2435
2437
2439
2441
2443
2497
2499
2501
2503
2505
2507
2561
2563
2565
2567
2569
2571
2625
2627
2629
2631
2633
2635
2689
2691
2693
2695
2697
2699
2753
2755
2757
2759
2761
2763
2817
2819
2821
2823
2825
2827
2881
2883
2885
2887
2889
2891
2945
2947
2949
2951
2953
2955
3009
3011
3013
3015
3017
3019
3073
3075
3077
3079
3081
3083
3137
3139
3141
3143
3145
3147
3201
3203
3205
3207
3209
3211
3265
3267
3269
3271
3273
3275
3329
3331
3333
3335
3337
3339
3393
3395
3397
3399
3401
3403
3457
3459
3461
3463
3465
3467
3521
3523
3525
3527
3529
3531
3585
3587
3589
3591
3593
3595
3649
3651
3653
3655
3657
3659
3713
3715
3717
3719
3721
3723
3777
3779
3781
3783
3785
3787
3841
3843
3845
3847
3849
3851
3905
3907
3909
3911
3913
3915
3969
3971
3973
3975
3977
3979
4033
4035
4037
4039
4041
4043
4097
4099
4101
4103
4105
4107
